s: 1
soluzione iniziale: 0
0 -> 
costo: 128.49241800000001, 
rotte: {7: [(1, 3), (3, 5), (5, 7)], 8: [(1, 4), (4, 6), (6, 8)]}
trasportoPalletDiGamma: {7: [(3, 3), (5, 3), (7, 5)], 8: [(4, 3), (6, 2), (8, 2)]}
bestSolutionIndice: 2
2 -> 
costo: 107.74277599999999, 
rotte: {7: [(1, 5), (5, 3), (3, 7)], 8: [(1, 6), (6, 4), (4, 8)]}
trasportoPalletDiGamma: {7: [(5, 3), (3, 3), (7, 5)], 8: [(6, 2), (4, 3), (8, 2)]}
itMosseLS: 93, itMosseTS: 93
time elapsed: 16.54s.


