itNSIMax: 3, itMosseTSMax: 150.
##########################################################################################
s: 1, itNSI: 1.
soluzione iniziale: 0
0 -> 
costo: 110731.29999999999, 
rotte: {3: [(1, 8), (8, 2), (2, 11), (11, 16), (16, 6), (6, 12), (12, 7)], 2: [(1, 13), (13, 4), (4, 5), (5, 15), (15, 9), (9, 10), (10, 3), (3, 14)]}
trasportoPalletDiGamma: {3: [(8, 6), (2, 12), (11, 9), (16, 14), (6, 4), (12, 10), (7, 5)], 2: [(13, 11), (4, 2), (5, 3), (15, 13), (9, 7), (10, 8), (3, 1), (14, 12)]}
bestSolutionIndice: 19
19 -> 
costo: 66966.4, 
rotte: {3: [(1, 2), (2, 16), (16, 8), (8, 12), (12, 7), (7, 6), (6, 11)], 2: [(1, 4), (4, 5), (5, 3), (3, 10), (10, 13), (13, 14), (14, 15), (15, 9)]}
trasportoPalletDiGamma: {3: [(2, 12), (16, 14), (8, 6), (12, 10), (7, 5), (6, 4), (11, 9)], 2: [(4, 2), (5, 3), (3, 1), (10, 8), (13, 11), (14, 12), (15, 13), (9, 7)]}
itMosseLS: 156, itMosseTS: 150
numero di soluzioni totali trovati: 57.
time elapsed: 1099.69s.


##########################################################################################
s: 1, itNSI: 2.
soluzione iniziale: 0
0 -> 
costo: 107590.3, 
rotte: {3: [(1, 16), (16, 10), (10, 9), (9, 12), (12, 3), (3, 11), (11, 8), (8, 4)], 2: [(1, 13), (13, 2), (2, 5), (5, 6), (6, 7), (7, 14), (14, 15)]}
trasportoPalletDiGamma: {3: [(16, 14), (10, 8), (9, 7), (12, 10), (3, 1), (11, 9), (8, 6), (4, 2)], 2: [(13, 11), (2, 12), (5, 3), (6, 4), (7, 5), (14, 12), (15, 13)]}
bestSolutionIndice: 5
5 -> 
costo: 68725.4, 
rotte: {3: [(1, 16), (16, 9), (9, 12), (12, 8), (8, 3), (3, 4), (4, 10), (10, 11)], 2: [(1, 2), (2, 5), (5, 7), (7, 6), (6, 13), (13, 14), (14, 15)]}
trasportoPalletDiGamma: {3: [(16, 14), (9, 7), (12, 10), (8, 6), (3, 1), (4, 2), (10, 8), (11, 9)], 2: [(2, 12), (5, 3), (7, 5), (6, 4), (13, 11), (14, 12), (15, 13)]}
itMosseLS: 156, itMosseTS: 150
numero di soluzioni totali trovati: 95.
time elapsed: 855.88s.


##########################################################################################
s: 1, itNSI: 3.
soluzione iniziale: 0
0 -> 
costo: 112269.7, 
rotte: {2: [(1, 7), (7, 15), (15, 6), (6, 16), (16, 10), (10, 2), (2, 4), (4, 9)], 3: [(1, 3), (3, 5), (5, 12), (12, 13), (13, 8), (8, 11), (11, 14), (14, 9)]}
trasportoPalletDiGamma: {2: [(7, 5), (15, 13), (6, 4), (16, 14), (10, 8), (2, 12), (4, 2), (9, 2)], 3: [(3, 1), (5, 3), (12, 10), (13, 11), (8, 6), (11, 9), (14, 12), (9, 5)]}
bestSolutionIndice: 14
14 -> 
costo: 64837.79999999999, 
rotte: {2: [(1, 4), (4, 2), (2, 3), (3, 10), (10, 6), (6, 7), (7, 15), (15, 16)], 3: [(1, 5), (5, 8), (8, 12), (12, 9), (9, 14), (14, 13), (13, 11)]}
trasportoPalletDiGamma: {2: [(4, 2), (2, 12), (3, 1), (10, 8), (6, 4), (7, 5), (15, 13), (16, 14)], 3: [(5, 3), (8, 6), (12, 10), (9, 7), (14, 12), (13, 11), (11, 9)]}
itMosseLS: 164, itMosseTS: 150
numero di soluzioni totali trovati: 88.
time elapsed: 945.82s.


##########################################################################################
##########################################################################################
##########################################################################################
Soluzione migliore in assoluto trovata:

s: 1
itNSI: 3, 
costo: 64837.79999999999, 
rotte: {2: [(1, 4), (4, 2), (2, 3), (3, 10), (10, 6), (6, 7), (7, 15), (15, 16)], 3: [(1, 5), (5, 8), (8, 12), (12, 9), (9, 14), (14, 13), (13, 11)]}
trasportoPalletDiGamma: {2: [(4, 2), (2, 12), (3, 1), (10, 8), (6, 4), (7, 5), (15, 13), (16, 14)], 3: [(5, 3), (8, 6), (12, 10), (9, 7), (14, 12), (13, 11), (11, 9)]}

Total time elapsed: 2901.50s.