itNSIMax: 3, itMosseTSMax: 200.
##########################################################################################
s: 1, itNSI: 1.
soluzione iniziale: 0
0 -> 
costo: 140893.3, 
rotte: {3: [(1, 15), (15, 3), (3, 16), (16, 2), (2, 6), (6, 5), (5, 14), (14, 7), (7, 9)], 2: [(1, 18), (18, 11), (11, 10), (10, 4), (4, 8), (8, 17), (17, 12), (12, 13)]}
trasportoPalletDiGamma: {3: [(15, 4), (3, 12), (16, 5), (2, 11), (6, 15), (5, 14), (14, 3), (7, 16), (9, 18)], 2: [(18, 5), (11, 20), (10, 19), (4, 13), (8, 17), (17, 6), (12, 1), (13, 2)]}
bestSolutionIndice: 76
76 -> 
costo: 56938.1, 
rotte: {3: [(1, 2), (2, 3), (3, 4), (4, 5), (5, 7), (7, 6), (6, 9)], 2: [(1, 10), (10, 18), (18, 8), (8, 13), (13, 14), (14, 11), (11, 12), (12, 17), (17, 16), (16, 15)]}
trasportoPalletDiGamma: {3: [(2, 11), (3, 12), (4, 13), (5, 14), (7, 16), (6, 15), (9, 18)], 2: [(10, 19), (18, 5), (8, 17), (13, 2), (14, 3), (11, 20), (12, 1), (17, 6), (16, 5), (15, 4)]}
itMosseLS: 221, itMosseTS: 200
numero di soluzioni totali trovati: 99.
time elapsed: 1465.69s.


##########################################################################################
s: 1, itNSI: 2.
soluzione iniziale: 0
0 -> 
costo: 118016.50000000001, 
rotte: {2: [(1, 6), (6, 4), (4, 14), (14, 17), (17, 15), (15, 2), (2, 9), (9, 16), (16, 11)], 3: [(1, 10), (10, 12), (12, 13), (13, 3), (3, 18), (18, 7), (7, 8), (8, 5)]}
trasportoPalletDiGamma: {2: [(6, 15), (4, 13), (14, 3), (17, 6), (15, 4), (2, 11), (9, 18), (16, 5), (11, 20)], 3: [(10, 19), (12, 1), (13, 2), (3, 12), (18, 5), (7, 16), (8, 17), (5, 14)]}
bestSolutionIndice: 72
72 -> 
costo: 68981.19999999998, 
rotte: {2: [(1, 13), (13, 14), (14, 11), (11, 12), (12, 17), (17, 16), (16, 15), (15, 2), (2, 6), (6, 9)], 3: [(1, 5), (5, 7), (7, 4), (4, 3), (3, 10), (10, 18), (18, 8)]}
trasportoPalletDiGamma: {2: [(13, 2), (14, 3), (11, 20), (12, 1), (17, 6), (16, 5), (15, 4), (2, 11), (6, 15), (9, 18)], 3: [(5, 14), (7, 16), (4, 13), (3, 12), (10, 19), (18, 5), (8, 17)]}
itMosseLS: 215, itMosseTS: 200
numero di soluzioni totali trovati: 119.
time elapsed: 1580.51s.


##########################################################################################
s: 1, itNSI: 3.
soluzione iniziale: 0
0 -> 
costo: 127021.59999999998, 
rotte: {3: [(1, 11), (11, 17), (17, 10), (10, 4), (4, 18), (18, 8), (8, 13), (13, 2), (2, 5)], 2: [(1, 3), (3, 6), (6, 9), (9, 16), (16, 15), (15, 7), (7, 14), (14, 12), (12, 5)]}
trasportoPalletDiGamma: {3: [(11, 20), (17, 6), (10, 19), (4, 13), (18, 5), (8, 17), (13, 2), (2, 11), (5, 7)], 2: [(3, 12), (6, 15), (9, 18), (16, 5), (15, 4), (7, 16), (14, 3), (12, 1), (5, 7)]}
bestSolutionIndice: 12
12 -> 
costo: 71382.0, 
rotte: {3: [(1, 2), (2, 4), (4, 10), (10, 18), (18, 8), (8, 13), (13, 11)], 2: [(1, 17), (17, 16), (16, 15), (15, 12), (12, 14), (14, 3), (3, 5), (5, 7), (7, 6), (6, 9)]}
trasportoPalletDiGamma: {3: [(2, 11), (4, 13), (10, 19), (18, 5), (8, 17), (13, 2), (11, 20)], 2: [(17, 6), (16, 5), (15, 4), (12, 1), (14, 3), (3, 12), (5, 14), (7, 16), (6, 15), (9, 18)]}
itMosseLS: 71, itMosseTS: 58
numero di soluzioni totali trovati: 30.
time elapsed: 556.13s.


##########################################################################################
##########################################################################################
##########################################################################################
Soluzione migliore in assoluto trovata:

s: 1
itNSI: 1, 
costo: 56938.1, 
rotte: {3: [(1, 2), (2, 3), (3, 4), (4, 5), (5, 7), (7, 6), (6, 9)], 2: [(1, 10), (10, 18), (18, 8), (8, 13), (13, 14), (14, 11), (11, 12), (12, 17), (17, 16), (16, 15)]}
trasportoPalletDiGamma: {3: [(2, 11), (3, 12), (4, 13), (5, 14), (7, 16), (6, 15), (9, 18)], 2: [(10, 19), (18, 5), (8, 17), (13, 2), (14, 3), (11, 20), (12, 1), (17, 6), (16, 5), (15, 4)]}

Total time elapsed: 3602.46s.